1000
328317346 248855710
-64775748 -958199513
-562698747 -830244495
-890758084 263743942
415388826 271363789
-13677965 -912205952
-26374577 -433770720
-511866728 251402311
219747315 -758411605
684871981 176456730
702064735 -52753074
951160566 543452445
867691705 -932577531
-812927582 -868080376
275545502 413015873
539987311 -235989786
77588183 -987995032
-303312864 461020818
-199963537 -428439379
-705312636 -944020042
-27159452 183622663
-821171444 14033729
620797968 886298176
-215721251 -539104410
449165740 -838282288
-901222097 -294583938
952626335 -913190691
-955982907 -744946585
-590396995 214338810
756130339 -392136629
-73431743 158543106
708124556 112508534
10051722 656051767
-461978035 -864306984
908588476 331737743
976794304 657196915
838358800 -343256162
-218871719 -877359448
-583306166 52299067
-382404945 -708934836
219473556 155659515
715153452 -765218688
475511033 -570190274
-479757213 -74594791
-13102354 541514224
877040771 -973232529
551137295 870405424
-416989963 396651679
494694361 820515708
-776137674 855286672
-834289333 351102401
-203886464 -902506105
-409030306 -936122590
284366531 -199757660
-813367752 456045340
662448292 -768489984
58595432 -317460177
-395684643 647148733
-214666686 -457336326
-78468299 -891720733
-916183346 522806715
-67474932 -509266128
863616479 -629474019
147020073 -286700701
722472919 234979669
801012619 628398844
-755695466 -68089889
-547279027 -230153199
-958228785 134085147
415083277 -343809501
-421133408 99561630
-328444837 773205661
-711738729 -40437781
-417630356 576306038
186028085 -299614262
2846285 454144857
214768284 -379453068
-936763500 -803193047
-899194503 539944644
600166942 190217849
-799642019 -494508943
-621776000 219528923
-800086675 983210404
116155817 -145647184
651735100 415032749
603698975 -744958351
785037593 877696798
-678950394 472277258
-94619061 873217911
-620653317 -843271769
-711796723 -776134050
-334381310 930597330
854211730 -656151282
257109222 12012354
-320788052 134568498
649308078 -448521488
36557977 -340518773
-22379285 -671418374
998360293 -763548922
-675193775 583604129
-746901111 811389661
317220199 -607691737
-339507394 811355651
809982087 117693208
426511897 -988567421
-484266424 609802035
293931980 -583170942
-428303689 -648414323
317682414 200936310
-304518653 851835310
-94808523 984876660
-705134296 921373796
859298354 -841285705
-123173914 2762925
-339692823 -754675028
821508710 716542775
353513754 139337152
-726444070 -734787894
180032950 146750484
-908300660 782753871
-958559548 -260914643
705278064 -96310583
909770524 -318849692
-350930761 11697643
-469215151 -598437577
859810104 450482518
388107315 110351304
-3117143 -129613941
542240278 -615405914
-634998144 798430057
355514053 482661618
159848063 -353445939
-145608748 636142607
-632961989 835750164
-452194393 -847591590
-521668125 -36046208
33610451 955630496
-418969895 985806793
-841048810 10975937
-761385392 -522678870
942219748 141762337
137282349 -970898475
-526568926 454733470
372835476 -740305046
-630810185 374909010
932991491 374090813
363653926 932854032
188202290 917581205
-870028235 -850708317
389199675 -183240224
-654769521 949034825
920887822 -549385431
258225298 235336925
-943341373 -687552624
-239213880 -905345795
-169773552 -32870767
494549920 -127782983
-387466351 332817318
904538002 -115007374
-152017795 14417713
-448435723 476419465
697847214 357462916
135459575 -833753800
-447016366 -250227097
158746120 13538241
-26745154 -805306584
-3676563 464058498
300314291 -866408468
-298965271 -889856083
-562653248 -911200235
426866026 126827416
-204511379 305128619
-261679298 -592388653
442192750 -105103411
-320015658 259080271
705082860 9167697
-224640819 222850026
-844708845 299766678
-272995911 -270240566
-194979707 626165607
-950596581 -714261273
705770127 -585063884
-906263834 -799522360
19681401 205280631
548014254 -817505092
-270872922 769765849
-336121858 343503590
499136984 -443722797
197323822 263095771
657831119 498349179
-712208326 592018435
828490957 -538726192
69036982 735846542
706980828 -962375896
-969261737 345005029
376562913 -610935397
-550350000 342711110
184641179 -86790313
-914049179 -210871717
862192755 284558074
651950558 -412016268
-802193285 259509351
-310226774 -830944063
-907553416 -205358826
-626161309 -390814855
167027115 926041428
-564838710 -906220099
871414980 957159251
111747064 285003685
213296787 -591190871
-455875443 802141927
662799166 -56604021
-59571309 -774662394
-787372065 193381055
804369503 532969469
541890661 743331576
-72376759 -875207683
962574970 -698748395
-537016251 753925165
962204603 -563653610
-670451205 526352378
-322469354 635756998
907856993 -909608114
-641428665 -830953366
-585407143 -990622324
305693666 717503282
-458030009 287671407
-822376107 586350565
-162047649 -241211562
452133851 -765658106
-721493702 408149562
81927854 487174780
411312215 433208132
534349768 -114821497
919301917 175278082
955037619 485051194
-170480033 599117823
-499485254 -937647789
353775972 844893901
586905525 -126232718
-677551735 946595095
-261996016 826780547
292033739 -747660919
-269884252 -620830580
877768493 95038095
947192277 544316388
-181784452 84843078
-19516838 -216446186
526070498 -747547475
321390361 506001751
-25223931 -950746450
-719389912 -502837152
81048258 -516421470
388153799 272154511
-834536261 -487960891
867742822 278927711
944756917 -916934041
-354999316 -223377791
-316243525 -555185601
992488844 -287422426
304177355 -235432071
587081387 323386468
-215068023 -101501194
-153092430 173994988
-281711065 -353762729
-183258687 357878340
968902602 29492506
-597055790 -448239267
-388416078 816306664
7580897 710300565
393177871 682426512
-556533689 -812311885
495416221 250823672
573397063 102352875
-961997451 -522246213
501336726 419045608
-744071538 -102148362
817331433 -135644459
-256190737 342427331
-851703272 89711098
483314567 -137316631
332805627 866633837
616193866 344243896
-728306352 529308870
836336167 -676387507
271208340 -172732156
-783578795 257820830
-790897227 -189952474
187121316 -238587634
-699695001 538958039
774790294 104655626
438808966 -855176864
695739942 -888092170
-367074927 595999805
668239027 992985972
24799200 787533405
598219457 804746590
309856921 -387464559
-793154558 285933661
-717916113 694477485
-46090929 -93892672
-815993173 177624766
-569136789 -328203223
-775576802 -670142045
688202280 619406727
124120138 961061312
512180063 -291296841
-596619611 -935495842
-636299022 614475128
-68055898 -926962465
-374768677 -593551261
-430797016 958503714
-389772759 -776875956
860726412 -841290934
499177801 863547780
58702912 -446439605
-67990140 169391528
433722001 530740549
811722606 -228919895
-540694766 531958607
-754676578 -377412936
-724737040 -809653300
-638504813 -319779372
77308325 -587139169
-620191599 206131891
866301818 463535096
711930264 -253128792
-787639977 -189893259
-241221520 -849109635
732556130 -302646724
-474321420 -192721026
595744259 165881054
-706808433 -290106847
582673386 760127136
-738330599 -605340759
240124180 -133707158
-219930414 625650314
333752773 306857330
-626029698 -57224939
625001101 -795787497
-418190102 683547465
-643136414 350600088
321537516 -335318293
-182423257 -856267679
727416588 811111396
-652064067 323810876
652498473 151241288
170274758 -183588561
-360470031 657684704
-787923205 69438711
877742339 -310587304
-504379338 587163063
-271620660 52645695
-739440795 848109527
-603980558 638995654
911166006 -261485307
471400845 270351600
-842614663 -789874529
-801862213 -842108524
-626911893 -635499976
562638259 -943153851
326258059 524983713
-597612026 -594912622
161420691 -940873538
-814243907 253585346
332862992 922851197
523949572 -782287604
490788853 813880968
-733734829 -804949074
920777571 53901758
408316523 -164129952
-763976388 513926870
-940064534 397396369
-765840764 986112975
493951300 -990673054
828158132 -317891500
550592433 519637670
-187244076 -232837563
892680870 -225825598
-81237671 798018098
-788612622 442389890
-670010538 -221605780
-539690112 -187935444
-887868340 609781652
24003528 -464290481
-967951073 224774738
491185725 496756264
919058341 122456473
623176624 -191610131
-108451041 -146570547
-61464979 812491820
-847078855 -338255196
-513539954 -996260532
47235109 -483200343
-840835186 934658554
-777714818 -721067920
-716772534 -839072295
-937676835 -705181318
770494752 -59119928
-464695047 -394816908
847531298 -720387846
-237074520 -12835541
-584561470 356052468
57546241 -420971706
-109702058 601312140
-657650744 682603285
-629078224 -914647560
-584260938 -794930536
-291018780 -948294829
-707477013 -734283607
-45150912 835440330
-124355603 779713931
312657491 -149877584
-83597618 -496383555
280611068 -720032296
851750603 65750417
-876285301 671652883
-925886736 -770376563
224337550 921680150
830958885 -812552020
-794035474 -738676371
-726993088 -212501232
120382577 147002885
57628753 -437801042
-701564375 -391389501
-476456518 -768069672
-315340025 812395089
368255793 495485328
-943339115 975998688
117865536 536800293
-739584679 -882675461
-240333398 -726947863
-829351947 -762850878
-71485302 -938106679
-874075747 -77940738
-211608662 49540179
-151534757 -262532994
-73390637 -426948602
-268009809 314192997
-826653497 832718580
430900927 292799771
504400792 -919469441
-279288730 -964484862
-977968954 497621361
-529227111 -872008111
143251969 -297996313
364259304 -611960423
-180859649 788686064
412560667 45579279
123685140 -815730559
879613617 396961335
649728053 30176800
-35259221 443165752
843857889 177713817
-970288237 82498588
735031789 595874645
258469833 -947164437
405009460 304905506
544670362 960466774
-410597034 465536672
717897974 496914054
332165208 -230323520
-46178890 -697777426
-628448215 -939768763
-463826207 918861606
-355440430 -728686549
-233536015 814760184
-94154515 -398935903
-614699772 -212948325
-928479545 431135378
474683631 -396915183
-156424626 852340936
753002597 -565989570
-481791014 -83660724
828359983 321581777
588292496 893131955
83169632 728640398
96207772 -328336325
-190424545 -374148172
-772980167 -257411493
399695633 -33380784
-587777872 -900822614
668239122 -553167626
-907196469 -201105804
-172683227 821300101
171842317 -462694957
153542544 506978173
-984202700 792423140
-19958300 524351289
-559883792 -720714778
-187818336 -890296603
-631135820 -172949056
586998383 256116490
820457894 827415583
-869626729 999023851
-340066606 -187082727
796211811 -892891675
377022990 460825288
-285948975 144878061
442669459 839860294
-840201892 -804182277
424105577 61438748
-69553392 -146307116
-925420840 145766226
-912089241 83710529
483060894 419814645
207506150 325000509
-223458509 -608442891
835896913 871371299
346830894 -918714065
-807673427 420716853
-990178687 454889311
159561009 -316353764
784536745 754340107
556896175 -129453347
-437381718 43059468
112519118 898665581
168110463 486741594
-604497213 -398633819
-510997610 -247140677
280326697 684715365
274670901 300148629
169545381 777277924
635802954 -878225374
539600430 -902123587
956293666 -816452524
-341114502 277318375
-31141122 -595990943
-321595733 -473172530
-738319226 681341772
-881759169 626596650
452641029 153781352
-540162725 -143353777
-397766752 -726170712
-954236997 465832780
-995958347 793419835
970834946 -175894654
-866780936 985808231
945542329 129031133
-843933678 482304239
829580514 -905833985
-138625223 -518504711
583753496 -778711023
-248446426 -713233840
608232529 -508158299
-769734618 663235405
410515557 -570181577
282036124 -202781691
-570085585 29267022
-16199222 -639626335
990719719 3856251
722136851 -941272827
171389944 -146105712
521662342 533025523
145855409 -14054167
-763066973 108655241
-766504700 529543607
547751112 -411167034
-116578870 805515539
215308318 133069323
894088917 465846451
-978368206 641559803
-732455586 812287720
-360486336 -183902645
-160347104 -520283987
-588858464 -348746560
-802751938 781345144
-507287894 823047927
-416739303 419319841
154891505 613280642
-755236711 926893493
858012283 548159176
-943419420 -457444367
517385849 642876365
70425720 207304369
264395308 -34950336
31321569 -766302991
-596683802 -93911463
-456028985 -455080659
433143449 -886426586
-133722525 202120536
433938864 296793306
911964426 664261273
555882575 -903448413
-404480924 212459238
-590890482 -21379357
613946015 633247049
927177649 525777628
317836520 648313767
-968612377 -776974377
-702441148 356375122
-715187412 880961812
190956848 -262500619
845894666 763379409
876024168 -654813932
895046717 556674243
99850627 713012557
-715142423 286414886
918017264 -540786285
-777362853 -197274987
-818835200 585964567
10915281 750491430
325017233 6621435
441976543 60019228
207296924 -999521571
726138043 598933399
-973985204 -268621138
781275280 -835782187
-466583623 122861477
-982230731 256860196
-514778766 -895322164
732011098 72020164
-601350573 78316245
-113940006 488604981
-485344266 217665010
-976037898 -867991085
-819194692 -336205490
-385280886 -542320709
104759750 935523556
-931836022 -526410516
-461666938 772179313
-443940910 -483654393
-273183215 -913757673
-279927004 -940096293
-251257613 -523766503
576488243 -335846273
928658 -346982106
-978967065 485044055
-330875981 -281005749
-310208180 -501427457
367127570 252413228
-84124645 -895066832
-870995919 -6783623
3945476 -477465889
764664336 361975681
794404391 -184252402
-638391127 198623837
592195657 -707631133
-249057872 848192205
436852582 -628572245
-997396633 -803732807
811246377 977938154
-979139643 -922293942
-778189204 -518367877
-252774532 -667993145
-872650233 -430876410
437910349 -524891678
652171543 -399641122
612535255 591049314
-732311261 345674333
-8168674 -554964892
-660938630 -423387627
673348430 -864759294
-145419357 -367315923
998331821 -333960124
36008838 -327899830
-275385548 -912285803
888172157 -965326750
395511463 -36865304
-76074230 500061997
-711306053 -594366486
-721083785 269288044
-875416633 -204853062
966322788 608408403
425873926 -438397319
310282806 -851906913
-293882659 709022315
-322006708 752336857
-890255940 -775032976
36092122 -138753345
694170106 -141461456
-430451287 -877936897
931946893 125982369
293385156 917467822
63205963 -69468375
761470103 879136172
-142564708 357019742
866702642 283325377
-27401063 -867733470
751953492 -188328632
-259111589 202087038
-888055376 -905462289
978557222 606625135
815316402 221328042
505089650 846172322
612551515 614622609
-460678503 -848069908
637336861 659440846
494052328 -412551855
-428648853 -761897726
-222868590 -220172036
496758902 -839085868
-806624642 -165660933
11456542 633922602
204068584 739611234
323626778 -299192681
-171929562 -881764190
-595184569 -201259321
-461046967 624318854
142307008 -984530990
988461657 -565216203
387864896 -333453659
-800162841 -866559693
-134168332 366600115
-619347046 242206280
-690050937 -59606751
-936035197 -599517985
570693193 819808938
-546419629 698797721
-555341208 -796804084
97467413 737978258
656327005 -779237134
482557332 338066038
659754343 699836738
-698557338 -618953723
-593490952 -734268409
590966417 -683476571
994286709 -427006145
471577019 -824584459
266953585 655126262
-535695046 -982773619
10073963 101096719
-489807704 227126195
909740115 661050709
979791999 758468488
684696636 -753959169
668258103 -929522899
530384231 -770252461
-27256039 -799380414
-854110420 491202700
336850282 394787188
79155869 319291985
-593512860 -492816403
-573194543 -164194034
-401181565 -172113629
734170611 -760424934
-8171979 805620829
293680721 427532893
-3504056 656428235
-317784199 395327951
292538964 542815636
-952542801 -735480504
-298654 362224511
-284258223 -967742730
224185798 464790526
-822405665 -915117087
337307663 288345874
-827623091 -251394877
368709529 -835364268
-63072204 863542467
-947213080 54496286
-23444543 854986419
-892774898 284250540
601433598 703274428
22363066 -223757962
121990625 779651578
-865666707 709443567
-640308693 -139320096
855886743 -265250604
-257564093 -176030071
464343672 53246474
821349546 184014033
462146304 -932079781
864615469 -312813402
896161674 -853770069
-148230810 935729127
-715285386 571061168
-476863848 -318119237
-254322611 -807210237
-391690156 -130075758
-907860603 -29169500
333986959 -982404084
696695561 708763792
618804823 783902702
-163566606 -207589867
104140495 576834563
-926277930 -445651267
-378029702 -86104635
-738279225 -526187226
-585796663 -967478903
-752316200 -64749627
-16082774 307066369
157722817 -234848890
962225447 530884497
896712384 -945671002
610122039 794929497
-515977191 261049147
-344000467 149736936
-774657630 912663501
69769811 144910252
-979974638 -687304698
-823071605 7225220
-890773846 -109517669
-914818517 -937255291
526659299 -791958728
575911272 743131471
-986764850 -791228263
-285906889 -78705224
-486764907 -798055131
-615511456 -209260314
-499931221 -711192584
-764246498 113308335
-598067601 -43034906
-293808415 -143480005
288440808 571209498
795857310 -613949823
219735905 -913675804
-654114 945421855
-297271389 -620407589
685817355 -800260927
-626491650 -771360337
884142594 296551857
-524601348 -605101838
-539976696 389272138
-494290153 -422693306
-266705971 -928070255
-748172638 -44994631
682033976 369479346
276865997 534790368
-715652850 310211546
721114067 -540581795
-766191675 556147432
646651524 595852397
-846251814 176434977
-974426946 -631319567
-116175524 521214824
448714152 -126304244
897136492 -399801500
-788492051 452380923
-180728827 467071892
-144278371 988322570
68597041 -276138358
-486921220 -431260381
-598377509 -246126612
138779474 -667534503
-144674105 -412748179
300359803 -462951168
-817553048 -331628919
-553912276 51681840
-820404313 228488802
-205212650 735596815
-624796030 746553477
-362794945 50378106
408439387 -210103006
-212984286 808026133
288415359 -260490106
-257778259 -745883652
-532673758 -370209429
588098814 940656560
455466615 5933340
934650200 -76595858
771524006 155088908
-493266789 798067157
-996424903 -318925242
579153535 -4431767
849926786 -826149829
-717438797 -665354358
-881214454 -519126572
-230114149 -650073542
-839135390 11591393
-765275172 -166451766
-304784771 467285164
274918260 -389515835
-572177875 -998467428
546674072 -192646396
276190407 394562135
-830981745 808924808
77533207 170547560
631437983 -601641346
907059055 -848592590
-39770803 -588740212
208442194 -642625911
-816516028 261234821
536267406 819987692
-891234770 -862004956
-800721638 -945299403
-950362853 -278561360
21111415 94053595
-676004800 778217289
-696125971 770432028
973835734 -65081398
-846711179 903197838
33256481 325151142
-891049161 221186009
350752359 880614196
-351412413 -672437791
-111242769 -494568435
158761394 -493663886
197066519 -814874085
-491814574 -953566709
-793261930 -412802530
-297857885 740509381
-760996823 -520882212
-172160901 482084370
-973966226 -339837879
899167190 68760688
-478349497 -656356526
-110849801 765321406
-566686615 893278423
-770904706 -955144312
-278607076 861648455
-257984572 600237085
365390519 619271566
454981754 -611780622
468185358 438130847
-29047686 416202694
456410772 -735198355
-770115846 808801997
-815819220 -768427883
-553904664 114255491
196726823 -766273826
119036444 597061237
158447556 150636648
-654354093 -252674153
-926258934 767333380
838093500 861137391
193014971 -59311313
-508319302 -376202533
-803061473 24035936
-941417635 834265287
-602453039 630320260
-167351062 -983413763
247990343 830427135
-353039328 -600781602
950773026 -313639274
124235908 137660186
-746274884 620928603
804896021 -741819255
653586040 449909357
-545778711 -750191837
473577894 -132760022
-91267139 -288562524
864394056 -485333840
-813682792 403263109
-204496785 -574887502
-784390450 -572596899
283703966 -305910744
-901852732 942112885
-987268489 -602298571
132564268 -342678217
571990717 -456278806
90257731 -766908172
-212741334 -817470924
321452034 237400599
-697778583 622489024
-504665911 536905986
572986578 226323178
-75461321 -73628340
934509483 -996922138
178571573 -583966885
-798196734 -278807340
574255349 -563856393
-384861084 23228772
-803920604 -990481400
564976608 377913204
-221222286 -815104822
42680991 -705863763
-840783067 856213724
216365912 -732644168
572160433 -755813051
-441943163 465165940
938205091 -95140082
274996086 -39113797
-749558361 758490386
-641307005 -138897472
275109638 -5568275
504911959 364154884
867176857 475163861
992835325 -626996307
149312922 802390389
630356764 640001682
198783364 726580362
-289688906 -34752342
-81239026 -724237918
292515694 -863877428
-779635749 -726530217
-630839389 230897643
370670889 -676264438
-748805293 -781294264
616433651 806041125
287427401 -478182357
87591242 772195485
533440559 -118636624
-738894040 89491792
-418061009 -661901510
-125353431 583841832
-164089947 667176368
-120120689 -923891325
-840807150 624370951
827598372 -57223713
883999417 -165413100
-443296585 675386368
-491006052 -377957724
669232517 -254937843
114804886 -877163004
362412547 301904930
867503873 -762800559
517386286 284436933
627002773 -972073568
265653539 852313709
